
POWER
0000 006C 0000 000C 0028 0015 0017 0016 0017 0038 0017 0038 0017 0016 0017 0038 0017 0016 0017 0038 0017 0016 0017 0038 0017 0038 0017 019E

MENU
0000 006C 0000 000C 0027 0016 0017 002D 0017 0016 0017 0022 0017 002D 0017 0016 0017 0016 0017 0022 0017 0016 0017 002D 0017 002D 0017 01F7

HOME
0000 006C 0000 000C 0027 0016 0016 002D 0016 0017 0016 0022 0016 002D 0016 0017 0016 0017 0016 002D 0016 0017 0016 0022 0016 002D 0016 01D9

EXIT
0000 006C 0000 000C 0027 0016 0016 002D 0016 0017 0016 0022 0016 002D 0016 0017 0016 0017 0016 0022 0016 0038 0016 002D 0016 0022 0016 01C3

UP
0000 006C 0000 000C 0027 0017 0017 002D 0017 0016 0017 0021 0017 002D 0017 0016 0017 0016 0017 0021 0017 0021 0017 002D 0017 0038 0017 01E1

DOWN
0000 006C 0000 000C 0027 0016 0017 002D 0017 0016 0017 0021 0017 002D 0017 0016 0017 0016 0017 0021 0017 002D 0017 002D 0017 0016 0017 01F8

Left
0000 006C 0000 000C 0027 0016 0016 002D 0016 0017 0016 0022 0016 002D 0016 0017 0016 0017 0016 002D 0016 0038 0016 0022 0016 0022 0016 01C3

Right
0000 006C 0000 000C 0027 0016 0016 002D 0016 0017 0016 0022 0016 002D 0016 0017 0016 0017 0016 0038 0016 0017 0016 0017 0016 002D 0016 01D9

Select
0000 006C 0000 000C 0027 0016 0016 002D 0016 0017 0016 0022 0016 002D 0016 0017 0016 0017 0016 0038 0016 0022 0016 0017 0016 0038 0016 01C3

Vol+
0000 006C 0000 000C 0027 0016 0016 002D 0016 0017 0016 0022 0016 002D 0016 0017 0016 0017 0016 0038 0016 002D 0016 0017 0016 0017 0016 01D9

Vol-
0000 006C 0000 000C 0027 0016 0016 002D 0016 0017 0016 0022 0016 002D 0016 0017 0016 0017 0016 0038 0016 0038 0016 0017 0016 0022 0016 01C3

